1	0	165
2	0	115
3	0	94
4	0	81
5	0	73
6	0	67
7	0	63
8	0	58
9	0	56
10	0	53
11	0	51
12	0	49
13	0	47
14	0	46
15	0	45
16	0	43
17	0	42
18	0	42
19	0	40
20	0	40
21	0	39
22	0	39
23	0	37
24	0	38
25	0	36
26	0	37
27	0	36
28	0	35
29	0	35
30	0	35
31	0	34
32	0	34
33	0	34
34	0	34
35	0	33
36	0	33
37	0	33
38	0	33
39	0	33
40	0	32
41	0	33
42	0	32
43	0	32
44	0	32
45	0	32
46	0	32
47	0	32
48	0	32
49	0	32
50	0	31
51	0	32
52	0	32
53	0	32
54	0	32
55	0	32
56	0	32
57	0	32
58	0	32
59	0	33
60	0	32
61	0	33
62	0	33
63	0	33
64	0	33
65	0	33
66	0	34
67	0	34
68	0	34
69	0	34
70	0	35
71	0	35
72	0	35
73	0	36
74	0	37
75	0	36
76	0	38
77	0	37
78	0	39
79	0	39
80	0	40
81	0	40
82	0	42
83	0	42
84	0	43
85	0	45
86	0	46
87	0	47
88	0	49
89	0	51
90	0	53
91	0	56
92	0	58
93	0	63
94	0	67
95	0	73
96	0	81
97	0	94
98	0	115
99	0	165
100	0	451
99	0	165
98	0	115
97	0	94
96	0	81
95	0	73
94	0	67
93	0	63
92	0	58
91	0	56
90	0	53
89	0	51
88	0	49
87	0	47
86	0	46
85	0	45
84	0	43
83	0	42
82	0	42
81	0	40
80	0	40
79	0	39
78	0	39
77	0	37
76	0	38
75	0	36
74	0	37
73	0	36
72	0	35
71	0	35
70	0	35
69	0	34
68	0	34
67	0	34
66	0	34
65	0	33
64	0	33
63	0	33
62	0	33
61	0	33
60	0	32
59	0	33
58	0	32
57	0	32
56	0	32
55	0	32
54	0	32
53	0	32
52	0	32
51	0	32
50	0	31
49	0	32
48	0	32
47	0	32
46	0	32
45	0	32
44	0	32
43	0	32
42	0	32
41	0	33
40	0	32
39	0	33
38	0	33
37	0	33
36	0	33
35	0	33
34	0	34
33	0	34
32	0	34
31	0	34
30	0	35
29	0	35
28	0	35
27	0	36
26	0	37
25	0	36
24	0	38
23	0	37
22	0	39
21	0	39
20	0	40
19	0	40
18	0	42
17	0	42
16	0	43
15	0	45
14	0	46
13	0	47
12	0	49
11	0	51
10	0	53
9	0	56
8	0	58
7	0	63
6	0	67
5	0	73
4	0	81
3	0	94
2	0	115
1	0	165
0	0	451
1	0	165
2	0	115
3	0	94
4	0	81
5	0	73
6	0	67
7	0	63
8	0	58
9	0	56
10	0	53
11	0	51
12	0	49
13	0	47
14	0	46
15	0	45
16	0	43
17	0	42
18	0	42
19	0	40
20	0	40
21	0	39
22	0	39
23	0	37
24	0	38
25	0	36
26	0	37
27	0	36
28	0	35
29	0	35
30	0	35
31	0	34
32	0	34
33	0	34
34	0	34
35	0	33
36	0	33
37	0	33
38	0	33
39	0	33
40	0	32
41	0	33
42	0	32
43	0	32
44	0	32
45	0	32
46	0	32
47	0	32
48	0	32
49	0	32
50	0	31
51	0	32
52	0	32
53	0	32
54	0	32
55	0	32
56	0	32
57	0	32
58	0	32
59	0	33
60	0	32
61	0	33
62	0	33
63	0	33
64	0	33
65	0	33
66	0	34
67	0	34
68	0	34
69	0	34
70	0	35
71	0	35
72	0	35
73	0	36
74	0	37
75	0	36
76	0	38
77	0	37
78	0	39
79	0	39
80	0	40
81	0	40
82	0	42
83	0	42
84	0	43
85	0	45
86	0	46
87	0	47
88	0	49
89	0	51
90	0	53
91	0	56
92	0	58
93	0	63
94	0	67
95	0	73
96	0	81
97	0	94
98	0	115
99	0	165
100	0	451
99	0	165
98	0	115
97	0	94
96	0	81
95	0	73
94	0	67
93	0	63
92	0	58
91	0	56
90	0	53
89	0	51
88	0	49
87	0	47
86	0	46
85	0	45
84	0	43
83	0	42
82	0	42
81	0	40
80	0	40
79	0	39
78	0	39
77	0	37
76	0	38
75	0	36
74	0	37
73	0	36
72	0	35
71	0	35
70	0	35
69	0	34
68	0	34
67	0	34
66	0	34
65	0	33
64	0	33
63	0	33
62	0	33
61	0	33
60	0	32
59	0	33
58	0	32
57	0	32
56	0	32
55	0	32
54	0	32
53	0	32
52	0	32
51	0	32
50	0	31
49	0	32
48	0	32
47	0	32
46	0	32
45	0	32
44	0	32
43	0	32
42	0	32
41	0	33
40	0	32
39	0	33
38	0	33
37	0	33
36	0	33
35	0	33
34	0	34
33	0	34
32	0	34
31	0	34
30	0	35
29	0	35
28	0	35
27	0	36
26	0	37
25	0	36
24	0	38
23	0	37
22	0	39
21	0	39
20	0	40
19	0	40
18	0	42
17	0	42
16	0	43
15	0	45
14	0	46
13	0	47
12	0	49
11	0	51
10	0	53
9	0	56
8	0	58
7	0	63
6	0	67
5	0	73
4	0	81
3	0	94
2	0	115
1	0	165
0	0	226
